[gd_scene load_steps=5 format=2]

[ext_resource path="res://scripts/board_v1.gd" type="Script" id=1]
[ext_resource path="res://models/pastille.tscn" type="PackedScene" id=2]
[ext_resource path="res://models/slot.tscn" type="PackedScene" id=3]



[sub_resource type="PhysicsMaterial" id=8]
friction = 0.2

[node name="board" type="Spatial"]
script = ExtResource( 1 )
depth = 7
radius = 1.9
gap = 0.615
radius2 = 0.5
height2 = 0.6
radius3 = 0.75
height3 = 0.1
grid = [ [ [ {
"albedo": null,
"mat": null,
"path": "buttons/b_0-0-0"
} ] ], [ [ {
"albedo": null,
"mat": null,
"path": "buttons/b_1-0-0"
} ], [ {
"albedo": null,
"mat": null,
"path": "buttons/b_1-1-0"
} ], [ {
"albedo": null,
"mat": null,
"path": "buttons/b_1-2-0"
} ], [ {
"albedo": null,
"mat": null,
"path": "buttons/b_1-3-0"
} ], [ {
"albedo": null,
"mat": null,
"path": "buttons/b_1-4-0"
} ], [ {
"albedo": null,
"mat": null,
"path": "buttons/b_1-5-0"
} ] ], [ [ {
"albedo": null,
"mat": null,
"path": "buttons/b_2-0-0"
}, {
"albedo": null,
"mat": null,
"path": "buttons/b_2-0-1"
} ], [ {
"albedo": null,
"mat": null,
"path": "buttons/b_2-1-0"
}, {
"albedo": null,
"mat": null,
"path": "buttons/b_2-1-1"
} ], [ {
"albedo": null,
"mat": null,
"path": "buttons/b_2-2-0"
}, {
"albedo": null,
"mat": null,
"path": "buttons/b_2-2-1"
} ], [ {
"albedo": null,
"mat": null,
"path": "buttons/b_2-3-0"
}, {
"albedo": null,
"mat": null,
"path": "buttons/b_2-3-1"
} ], [ {
"albedo": null,
"mat": null,
"path": "buttons/b_2-4-0"
}, {
"albedo": null,
"mat": null,
"path": "buttons/b_2-4-1"
} ], [ {
"albedo": null,
"mat": null,
"path": "buttons/b_2-5-0"
}, {
"albedo": null,
"mat": null,
"path": "buttons/b_2-5-1"
} ] ], [ [ {
"albedo": null,
"mat": null,
"path": "buttons/b_3-0-0"
}, {
"albedo": null,
"mat": null,
"path": "buttons/b_3-0-1"
}, {
"albedo": null,
"mat": null,
"path": "buttons/b_3-0-2"
} ], [ {
"albedo": null,
"mat": null,
"path": "buttons/b_3-1-0"
}, {
"albedo": null,
"mat": null,
"path": "buttons/b_3-1-1"
}, {
"albedo": null,
"mat": null,
"path": "buttons/b_3-1-2"
} ], [ {
"albedo": null,
"mat": null,
"path": "buttons/b_3-2-0"
}, {
"albedo": null,
"mat": null,
"path": "buttons/b_3-2-1"
}, {
"albedo": null,
"mat": null,
"path": "buttons/b_3-2-2"
} ], [ {
"albedo": null,
"mat": null,
"path": "buttons/b_3-3-0"
}, {
"albedo": null,
"mat": null,
"path": "buttons/b_3-3-1"
}, {
"albedo": null,
"mat": null,
"path": "buttons/b_3-3-2"
} ], [ {
"albedo": null,
"mat": null,
"path": "buttons/b_3-4-0"
}, {
"albedo": null,
"mat": null,
"path": "buttons/b_3-4-1"
}, {
"albedo": null,
"mat": null,
"path": "buttons/b_3-4-2"
} ], [ {
"albedo": null,
"mat": null,
"path": "buttons/b_3-5-0"
}, {
"albedo": null,
"mat": null,
"path": "buttons/b_3-5-1"
}, {
"albedo": null,
"mat": null,
"path": "buttons/b_3-5-2"
} ] ], [ [ {
"albedo": null,
"mat": null,
"path": "buttons/b_4-0-0"
}, {
"albedo": null,
"mat": null,
"path": "buttons/b_4-0-1"
}, {
"albedo": null,
"mat": null,
"path": "buttons/b_4-0-2"
}, {
"albedo": null,
"mat": null,
"path": "buttons/b_4-0-3"
} ], [ {
"albedo": null,
"mat": null,
"path": "buttons/b_4-1-0"
}, {
"albedo": null,
"mat": null,
"path": "buttons/b_4-1-1"
}, {
"albedo": null,
"mat": null,
"path": "buttons/b_4-1-2"
}, {
"albedo": null,
"mat": null,
"path": "buttons/b_4-1-3"
} ], [ {
"albedo": null,
"mat": null,
"path": "buttons/b_4-2-0"
}, {
"albedo": null,
"mat": null,
"path": "buttons/b_4-2-1"
}, {
"albedo": null,
"mat": null,
"path": "buttons/b_4-2-2"
}, {
"albedo": null,
"mat": null,
"path": "buttons/b_4-2-3"
} ], [ {
"albedo": null,
"mat": null,
"path": "buttons/b_4-3-0"
}, {
"albedo": null,
"mat": null,
"path": "buttons/b_4-3-1"
}, {
"albedo": null,
"mat": null,
"path": "buttons/b_4-3-2"
}, {
"albedo": null,
"mat": null,
"path": "buttons/b_4-3-3"
} ], [ {
"albedo": null,
"mat": null,
"path": "buttons/b_4-4-0"
}, {
"albedo": null,
"mat": null,
"path": "buttons/b_4-4-1"
}, {
"albedo": null,
"mat": null,
"path": "buttons/b_4-4-2"
}, {
"albedo": null,
"mat": null,
"path": "buttons/b_4-4-3"
} ], [ {
"albedo": null,
"mat": null,
"path": "buttons/b_4-5-0"
}, {
"albedo": null,
"mat": null,
"path": "buttons/b_4-5-1"
}, {
"albedo": null,
"mat": null,
"path": "buttons/b_4-5-2"
}, {
"albedo": null,
"mat": null,
"path": "buttons/b_4-5-3"
} ] ], [ [ {
"albedo": null,
"mat": null,
"path": "buttons/b_5-0-0"
}, {
"albedo": null,
"mat": null,
"path": "buttons/b_5-0-1"
}, {
"albedo": null,
"mat": null,
"path": "buttons/b_5-0-2"
}, {
"albedo": null,
"mat": null,
"path": "buttons/b_5-0-3"
}, {
"albedo": null,
"mat": null,
"path": "buttons/b_5-0-4"
} ], [ {
"albedo": null,
"mat": null,
"path": "buttons/b_5-1-0"
}, {
"albedo": null,
"mat": null,
"path": "buttons/b_5-1-1"
}, {
"albedo": null,
"mat": null,
"path": "buttons/b_5-1-2"
}, {
"albedo": null,
"mat": null,
"path": "buttons/b_5-1-3"
}, {
"albedo": null,
"mat": null,
"path": "buttons/b_5-1-4"
} ], [ {
"albedo": null,
"mat": null,
"path": "buttons/b_5-2-0"
}, {
"albedo": null,
"mat": null,
"path": "buttons/b_5-2-1"
}, {
"albedo": null,
"mat": null,
"path": "buttons/b_5-2-2"
}, {
"albedo": null,
"mat": null,
"path": "buttons/b_5-2-3"
}, {
"albedo": null,
"mat": null,
"path": "buttons/b_5-2-4"
} ], [ {
"albedo": null,
"mat": null,
"path": "buttons/b_5-3-0"
}, {
"albedo": null,
"mat": null,
"path": "buttons/b_5-3-1"
}, {
"albedo": null,
"mat": null,
"path": "buttons/b_5-3-2"
}, {
"albedo": null,
"mat": null,
"path": "buttons/b_5-3-3"
}, {
"albedo": null,
"mat": null,
"path": "buttons/b_5-3-4"
} ], [ {
"albedo": null,
"mat": null,
"path": "buttons/b_5-4-0"
}, {
"albedo": null,
"mat": null,
"path": "buttons/b_5-4-1"
}, {
"albedo": null,
"mat": null,
"path": "buttons/b_5-4-2"
}, {
"albedo": null,
"mat": null,
"path": "buttons/b_5-4-3"
}, {
"albedo": null,
"mat": null,
"path": "buttons/b_5-4-4"
} ], [ {
"albedo": null,
"mat": null,
"path": "buttons/b_5-5-0"
}, {
"albedo": null,
"mat": null,
"path": "buttons/b_5-5-1"
}, {
"albedo": null,
"mat": null,
"path": "buttons/b_5-5-2"
}, {
"albedo": null,
"mat": null,
"path": "buttons/b_5-5-3"
}, {
"albedo": null,
"mat": null,
"path": "buttons/b_5-5-4"
} ] ], [ [ {
"albedo": null,
"mat": null,
"path": "buttons/b_6-0-0"
}, {
"albedo": null,
"mat": null,
"path": "buttons/b_6-0-1"
}, {
"albedo": null,
"mat": null,
"path": "buttons/b_6-0-2"
}, {
"albedo": null,
"mat": null,
"path": "buttons/b_6-0-3"
}, {
"albedo": null,
"mat": null,
"path": "buttons/b_6-0-4"
}, {
"albedo": null,
"mat": null,
"path": "buttons/b_6-0-5"
} ], [ {
"albedo": null,
"mat": null,
"path": "buttons/b_6-1-0"
}, {
"albedo": null,
"mat": null,
"path": "buttons/b_6-1-1"
}, {
"albedo": null,
"mat": null,
"path": "buttons/b_6-1-2"
}, {
"albedo": null,
"mat": null,
"path": "buttons/b_6-1-3"
}, {
"albedo": null,
"mat": null,
"path": "buttons/b_6-1-4"
}, {
"albedo": null,
"mat": null,
"path": "buttons/b_6-1-5"
} ], [ {
"albedo": null,
"mat": null,
"path": "buttons/b_6-2-0"
}, {
"albedo": null,
"mat": null,
"path": "buttons/b_6-2-1"
}, {
"albedo": null,
"mat": null,
"path": "buttons/b_6-2-2"
}, {
"albedo": null,
"mat": null,
"path": "buttons/b_6-2-3"
}, {
"albedo": null,
"mat": null,
"path": "buttons/b_6-2-4"
}, {
"albedo": null,
"mat": null,
"path": "buttons/b_6-2-5"
} ], [ {
"albedo": null,
"mat": null,
"path": "buttons/b_6-3-0"
}, {
"albedo": null,
"mat": null,
"path": "buttons/b_6-3-1"
}, {
"albedo": null,
"mat": null,
"path": "buttons/b_6-3-2"
}, {
"albedo": null,
"mat": null,
"path": "buttons/b_6-3-3"
}, {
"albedo": null,
"mat": null,
"path": "buttons/b_6-3-4"
}, {
"albedo": null,
"mat": null,
"path": "buttons/b_6-3-5"
} ], [ {
"albedo": null,
"mat": null,
"path": "buttons/b_6-4-0"
}, {
"albedo": null,
"mat": null,
"path": "buttons/b_6-4-1"
}, {
"albedo": null,
"mat": null,
"path": "buttons/b_6-4-2"
}, {
"albedo": null,
"mat": null,
"path": "buttons/b_6-4-3"
}, {
"albedo": null,
"mat": null,
"path": "buttons/b_6-4-4"
}, {
"albedo": null,
"mat": null,
"path": "buttons/b_6-4-5"
} ], [ {
"albedo": null,
"mat": null,
"path": "buttons/b_6-5-0"
}, {
"albedo": null,
"mat": null,
"path": "buttons/b_6-5-1"
}, {
"albedo": null,
"mat": null,
"path": "buttons/b_6-5-2"
}, {
"albedo": null,
"mat": null,
"path": "buttons/b_6-5-3"
}, {
"albedo": null,
"mat": null,
"path": "buttons/b_6-5-4"
}, {
"albedo": null,
"mat": null,
"path": "buttons/b_6-5-5"
} ] ], [ [ {
"albedo": null,
"mat": null,
"path": "buttons/b_7-0-0"
}, {
"albedo": null,
"mat": null,
"path": "buttons/b_7-0-1"
}, {
"albedo": null,
"mat": null,
"path": "buttons/b_7-0-2"
}, {
"albedo": null,
"mat": null,
"path": "buttons/b_7-0-3"
}, {
"albedo": null,
"mat": null,
"path": "buttons/b_7-0-4"
}, {
"albedo": null,
"mat": null,
"path": "buttons/b_7-0-5"
}, {
"albedo": null,
"mat": null,
"path": "buttons/b_7-0-6"
} ], [ {
"albedo": null,
"mat": null,
"path": "buttons/b_7-1-0"
}, {
"albedo": null,
"mat": null,
"path": "buttons/b_7-1-1"
}, {
"albedo": null,
"mat": null,
"path": "buttons/b_7-1-2"
}, {
"albedo": null,
"mat": null,
"path": "buttons/b_7-1-3"
}, {
"albedo": null,
"mat": null,
"path": "buttons/b_7-1-4"
}, {
"albedo": null,
"mat": null,
"path": "buttons/b_7-1-5"
}, {
"albedo": null,
"mat": null,
"path": "buttons/b_7-1-6"
} ], [ {
"albedo": null,
"mat": null,
"path": "buttons/b_7-2-0"
}, {
"albedo": null,
"mat": null,
"path": "buttons/b_7-2-1"
}, {
"albedo": null,
"mat": null,
"path": "buttons/b_7-2-2"
}, {
"albedo": null,
"mat": null,
"path": "buttons/b_7-2-3"
}, {
"albedo": null,
"mat": null,
"path": "buttons/b_7-2-4"
}, {
"albedo": null,
"mat": null,
"path": "buttons/b_7-2-5"
}, {
"albedo": null,
"mat": null,
"path": "buttons/b_7-2-6"
} ], [ {
"albedo": null,
"mat": null,
"path": "buttons/b_7-3-0"
}, {
"albedo": null,
"mat": null,
"path": "buttons/b_7-3-1"
}, {
"albedo": null,
"mat": null,
"path": "buttons/b_7-3-2"
}, {
"albedo": null,
"mat": null,
"path": "buttons/b_7-3-3"
}, {
"albedo": null,
"mat": null,
"path": "buttons/b_7-3-4"
}, {
"albedo": null,
"mat": null,
"path": "buttons/b_7-3-5"
}, {
"albedo": null,
"mat": null,
"path": "buttons/b_7-3-6"
} ], [ {
"albedo": null,
"mat": null,
"path": "buttons/b_7-4-0"
}, {
"albedo": null,
"mat": null,
"path": "buttons/b_7-4-1"
}, {
"albedo": null,
"mat": null,
"path": "buttons/b_7-4-2"
}, {
"albedo": null,
"mat": null,
"path": "buttons/b_7-4-3"
}, {
"albedo": null,
"mat": null,
"path": "buttons/b_7-4-4"
}, {
"albedo": null,
"mat": null,
"path": "buttons/b_7-4-5"
}, {
"albedo": null,
"mat": null,
"path": "buttons/b_7-4-6"
} ], [ {
"albedo": null,
"mat": null,
"path": "buttons/b_7-5-0"
}, {
"albedo": null,
"mat": null,
"path": "buttons/b_7-5-1"
}, {
"albedo": null,
"mat": null,
"path": "buttons/b_7-5-2"
}, {
"albedo": null,
"mat": null,
"path": "buttons/b_7-5-3"
}, {
"albedo": null,
"mat": null,
"path": "buttons/b_7-5-4"
}, {
"albedo": null,
"mat": null,
"path": "buttons/b_7-5-5"
}, {
"albedo": null,
"mat": null,
"path": "buttons/b_7-5-6"
} ] ] ]

[node name="buttons" type="Spatial" parent="."]

[node name="b_0-0-0" parent="buttons" instance=ExtResource( 2 )]
level = 0
corner = 0
id = 0

[node name="b_1-0-0" parent="buttons" instance=ExtResource( 2 )]
transform = Transform( 0.866025, 0, -0.5, 0, 1, 0, 0.5, 0, 0.866025, 1.95761, 0, 1.13022 )
level = 1
corner = 0
id = 0

[node name="b_1-1-0" parent="buttons" instance=ExtResource( 2 )]
transform = Transform( -4.37114e-08, 0, -1, 0, 1, 0, 1, 0, -4.37114e-08, 1.38413e-16, 0, 2.26045 )
level = 1
corner = 1
id = 0

[node name="b_1-2-0" parent="buttons" instance=ExtResource( 2 )]
transform = Transform( -0.866025, 0, -0.5, 0, 1, 0, 0.5, 0, -0.866025, -1.95761, 0, 1.13022 )
level = 1
corner = 2
id = 0

[node name="b_1-3-0" parent="buttons" instance=ExtResource( 2 )]
transform = Transform( -0.866025, 0, 0.5, 0, 1, 0, -0.5, 0, -0.866025, -1.95761, 0, -1.13022 )
level = 1
corner = 3
id = 0

[node name="b_1-4-0" parent="buttons" instance=ExtResource( 2 )]
transform = Transform( 7.54979e-08, 0, 1, 0, 1, 0, -1, 0, 7.54979e-08, -2.42292e-15, 0, -2.26045 )
level = 1
corner = 4
id = 0

[node name="b_1-5-0" parent="buttons" instance=ExtResource( 2 )]
transform = Transform( 0.866025, 0, 0.5, 0, 1, 0, -0.5, 0, 0.866025, 1.95761, 0, -1.13022 )
level = 1
corner = 5
id = 0

[node name="b_2-0-0" parent="buttons" instance=ExtResource( 2 )]
transform = Transform( 0.866025, 0, -0.5, 0, 1, 0, 0.5, 0, 0.866025, 3.91521, 0, 2.26045 )
level = 2
corner = 0
id = 0

[node name="b_2-0-1" parent="buttons" instance=ExtResource( 2 )]
transform = Transform( 0.5, 0, -0.866025, 0, 1, 0, 0.866025, 0, 0.5, 1.95761, 0, 3.39067 )
level = 2
corner = 0
id = 1

[node name="b_2-1-0" parent="buttons" instance=ExtResource( 2 )]
transform = Transform( -4.37114e-08, 0, -1, 0, 1, 0, 1, 0, -4.37114e-08, 2.76825e-16, 0, 4.5209 )
level = 2
corner = 1
id = 0

[node name="b_2-1-1" parent="buttons" instance=ExtResource( 2 )]
transform = Transform( -0.5, 0, -0.866025, 0, 1, 0, 0.866025, 0, -0.5, -1.95761, 0, 3.39067 )
level = 2
corner = 1
id = 1

[node name="b_2-2-0" parent="buttons" instance=ExtResource( 2 )]
transform = Transform( -0.866025, 0, -0.5, 0, 1, 0, 0.5, 0, -0.866025, -3.91521, 0, 2.26045 )
level = 2
corner = 2
id = 0

[node name="b_2-2-1" parent="buttons" instance=ExtResource( 2 )]
transform = Transform( -1, 0, 8.74228e-08, 0, 1, 0, -8.74228e-08, 0, -1, -3.91521, 0, 0 )
level = 2
corner = 2
id = 1

[node name="b_2-3-0" parent="buttons" instance=ExtResource( 2 )]
transform = Transform( -0.866025, 0, 0.5, 0, 1, 0, -0.5, 0, -0.866025, -3.91521, 0, -2.26045 )
level = 2
corner = 3
id = 0

[node name="b_2-3-1" parent="buttons" instance=ExtResource( 2 )]
transform = Transform( -0.5, 0, 0.866025, 0, 1, 0, -0.866025, 0, -0.5, -1.95761, 0, -3.39067 )
level = 2
corner = 3
id = 1

[node name="b_2-4-0" parent="buttons" instance=ExtResource( 2 )]
transform = Transform( 7.54979e-08, 0, 1, 0, 1, 0, -1, 0, 7.54979e-08, -4.84584e-15, 0, -4.5209 )
level = 2
corner = 4
id = 0

[node name="b_2-4-1" parent="buttons" instance=ExtResource( 2 )]
transform = Transform( 0.5, 0, 0.866025, 0, 1, 0, -0.866025, 0, 0.5, 1.95761, 0, -3.39067 )
level = 2
corner = 4
id = 1

[node name="b_2-5-0" parent="buttons" instance=ExtResource( 2 )]
transform = Transform( 0.866025, 0, 0.5, 0, 1, 0, -0.5, 0, 0.866025, 3.91521, 0, -2.26045 )
level = 2
corner = 5
id = 0

[node name="b_2-5-1" parent="buttons" instance=ExtResource( 2 )]
transform = Transform( 1, 0, 0, 0, 1, 0, 0, 0, 1, 3.91521, 0, 0 )
level = 2
corner = 5
id = 1

[node name="b_3-0-0" parent="buttons" instance=ExtResource( 2 )]
transform = Transform( 0.866025, 0, -0.5, 0, 1, 0, 0.5, 0, 0.866025, 5.87282, 0, 3.39067 )
level = 3
corner = 0
id = 0

[node name="b_3-0-1" parent="buttons" instance=ExtResource( 2 )]
transform = Transform( 0.654654, 0, -0.755929, 0, 1, 0, 0.755929, 0, 0.654654, 3.91521, 0, 4.5209 )
level = 3
corner = 0
id = 1

[node name="b_3-0-2" parent="buttons" instance=ExtResource( 2 )]
transform = Transform( 0.327327, 0, -0.944911, 0, 1, 0, 0.944911, 0, 0.327327, 1.95761, 0, 5.65112 )
level = 3
corner = 0
id = 2

[node name="b_3-1-0" parent="buttons" instance=ExtResource( 2 )]
transform = Transform( -4.37114e-08, 0, -1, 0, 1, 0, 1, 0, -4.37114e-08, 4.15238e-16, 0, 6.78134 )
level = 3
corner = 1
id = 0

[node name="b_3-1-1" parent="buttons" instance=ExtResource( 2 )]
transform = Transform( -0.327327, 0, -0.944911, 0, 1, 0, 0.944911, 0, -0.327327, -1.95761, 0, 5.65112 )
level = 3
corner = 1
id = 1

[node name="b_3-1-2" parent="buttons" instance=ExtResource( 2 )]
transform = Transform( -0.654654, 0, -0.755929, 0, 1, 0, 0.755929, 0, -0.654654, -3.91521, 0, 4.5209 )
level = 3
corner = 1
id = 2

[node name="b_3-2-0" parent="buttons" instance=ExtResource( 2 )]
transform = Transform( -0.866025, 0, -0.5, 0, 1, 0, 0.5, 0, -0.866025, -5.87282, 0, 3.39067 )
level = 3
corner = 2
id = 0

[node name="b_3-2-1" parent="buttons" instance=ExtResource( 2 )]
transform = Transform( -0.981981, 0, -0.188982, 0, 1, 0, 0.188982, 0, -0.981981, -5.87282, 0, 1.13022 )
level = 3
corner = 2
id = 1

[node name="b_3-2-2" parent="buttons" instance=ExtResource( 2 )]
transform = Transform( -0.981981, 0, 0.188982, 0, 1, 0, -0.188982, 0, -0.981981, -5.87282, 0, -1.13022 )
level = 3
corner = 2
id = 2

[node name="b_3-3-0" parent="buttons" instance=ExtResource( 2 )]
transform = Transform( -0.866025, 0, 0.5, 0, 1, 0, -0.5, 0, -0.866025, -5.87282, 0, -3.39067 )
level = 3
corner = 3
id = 0

[node name="b_3-3-1" parent="buttons" instance=ExtResource( 2 )]
transform = Transform( -0.654654, 0, 0.755929, 0, 1, 0, -0.755929, 0, -0.654654, -3.91521, 0, -4.5209 )
level = 3
corner = 3
id = 1

[node name="b_3-3-2" parent="buttons" instance=ExtResource( 2 )]
transform = Transform( -0.327327, 0, 0.944911, 0, 1, 0, -0.944911, 0, -0.327327, -1.95761, 0, -5.65112 )
level = 3
corner = 3
id = 2

[node name="b_3-4-0" parent="buttons" instance=ExtResource( 2 )]
transform = Transform( 7.54979e-08, 0, 1, 0, 1, 0, -1, 0, 7.54979e-08, -7.26876e-15, 0, -6.78134 )
level = 3
corner = 4
id = 0

[node name="b_3-4-1" parent="buttons" instance=ExtResource( 2 )]
transform = Transform( 0.327327, 0, 0.944911, 0, 1, 0, -0.944911, 0, 0.327327, 1.95761, 0, -5.65112 )
level = 3
corner = 4
id = 1

[node name="b_3-4-2" parent="buttons" instance=ExtResource( 2 )]
transform = Transform( 0.654654, 0, 0.755929, 0, 1, 0, -0.755929, 0, 0.654654, 3.91521, 0, -4.5209 )
level = 3
corner = 4
id = 2

[node name="b_3-5-0" parent="buttons" instance=ExtResource( 2 )]
transform = Transform( 0.866025, 0, 0.5, 0, 1, 0, -0.5, 0, 0.866025, 5.87282, 0, -3.39067 )
level = 3
corner = 5
id = 0

[node name="b_3-5-1" parent="buttons" instance=ExtResource( 2 )]
transform = Transform( 0.981981, 0, 0.188982, 0, 1, 0, -0.188982, 0, 0.981981, 5.87282, 0, -1.13022 )
level = 3
corner = 5
id = 1

[node name="b_3-5-2" parent="buttons" instance=ExtResource( 2 )]
transform = Transform( 0.981981, 0, -0.188982, 0, 1, 0, 0.188982, 0, 0.981981, 5.87282, 0, 1.13022 )
level = 3
corner = 5
id = 2

[node name="b_4-0-0" parent="buttons" instance=ExtResource( 2 )]
transform = Transform( 0.866025, 0, -0.5, 0, 1, 0, 0.5, 0, 0.866025, 7.83042, 0, 4.5209 )
level = 4
corner = 0
id = 0

[node name="b_4-0-1" parent="buttons" instance=ExtResource( 2 )]
transform = Transform( 0.720577, 0, -0.693375, 0, 1, 0, 0.693375, 0, 0.720577, 5.87282, 0, 5.65112 )
level = 4
corner = 0
id = 1

[node name="b_4-0-2" parent="buttons" instance=ExtResource( 2 )]
transform = Transform( 0.5, 0, -0.866025, 0, 1, 0, 0.866025, 0, 0.5, 3.91521, 0, 6.78134 )
level = 4
corner = 0
id = 2

[node name="b_4-0-3" parent="buttons" instance=ExtResource( 2 )]
transform = Transform( 0.240192, 0, -0.970725, 0, 1, 0, 0.970725, 0, 0.240192, 1.95761, 0, 7.91157 )
level = 4
corner = 0
id = 3

[node name="b_4-1-0" parent="buttons" instance=ExtResource( 2 )]
transform = Transform( -4.37114e-08, 0, -1, 0, 1, 0, 1, 0, -4.37114e-08, 5.5365e-16, 0, 9.04179 )
level = 4
corner = 1
id = 0

[node name="b_4-1-1" parent="buttons" instance=ExtResource( 2 )]
transform = Transform( -0.240192, 0, -0.970725, 0, 1, 0, 0.970725, 0, -0.240192, -1.95761, 0, 7.91157 )
level = 4
corner = 1
id = 1

[node name="b_4-1-2" parent="buttons" instance=ExtResource( 2 )]
transform = Transform( -0.5, 0, -0.866025, 0, 1, 0, 0.866025, 0, -0.5, -3.91521, 0, 6.78134 )
level = 4
corner = 1
id = 2

[node name="b_4-1-3" parent="buttons" instance=ExtResource( 2 )]
transform = Transform( -0.720577, 0, -0.693375, 0, 1, 0, 0.693375, 0, -0.720577, -5.87282, 0, 5.65112 )
level = 4
corner = 1
id = 3

[node name="b_4-2-0" parent="buttons" instance=ExtResource( 2 )]
transform = Transform( -0.866025, 0, -0.5, 0, 1, 0, 0.5, 0, -0.866025, -7.83042, 0, 4.5209 )
level = 4
corner = 2
id = 0

[node name="b_4-2-1" parent="buttons" instance=ExtResource( 2 )]
transform = Transform( -0.960769, 0, -0.27735, 0, 1, 0, 0.27735, 0, -0.960769, -7.83042, 0, 2.26045 )
level = 4
corner = 2
id = 1

[node name="b_4-2-2" parent="buttons" instance=ExtResource( 2 )]
transform = Transform( -1, 0, 8.74228e-08, 0, 1, 0, -8.74228e-08, 0, -1, -7.83042, 0, 0 )
level = 4
corner = 2
id = 2

[node name="b_4-2-3" parent="buttons" instance=ExtResource( 2 )]
transform = Transform( -0.960769, 0, 0.27735, 0, 1, 0, -0.27735, 0, -0.960769, -7.83042, 0, -2.26045 )
level = 4
corner = 2
id = 3

[node name="b_4-3-0" parent="buttons" instance=ExtResource( 2 )]
transform = Transform( -0.866025, 0, 0.5, 0, 1, 0, -0.5, 0, -0.866025, -7.83042, 0, -4.5209 )
level = 4
corner = 3
id = 0

[node name="b_4-3-1" parent="buttons" instance=ExtResource( 2 )]
transform = Transform( -0.720577, 0, 0.693375, 0, 1, 0, -0.693375, 0, -0.720577, -5.87282, 0, -5.65112 )
level = 4
corner = 3
id = 1

[node name="b_4-3-2" parent="buttons" instance=ExtResource( 2 )]
transform = Transform( -0.5, 0, 0.866025, 0, 1, 0, -0.866025, 0, -0.5, -3.91521, 0, -6.78134 )
level = 4
corner = 3
id = 2

[node name="b_4-3-3" parent="buttons" instance=ExtResource( 2 )]
transform = Transform( -0.240192, 0, 0.970725, 0, 1, 0, -0.970725, 0, -0.240192, -1.95761, 0, -7.91157 )
level = 4
corner = 3
id = 3

[node name="b_4-4-0" parent="buttons" instance=ExtResource( 2 )]
transform = Transform( 7.54979e-08, 0, 1, 0, 1, 0, -1, 0, 7.54979e-08, -9.69168e-15, 0, -9.04179 )
level = 4
corner = 4
id = 0

[node name="b_4-4-1" parent="buttons" instance=ExtResource( 2 )]
transform = Transform( 0.240192, 0, 0.970725, 0, 1, 0, -0.970725, 0, 0.240192, 1.95761, 0, -7.91157 )
level = 4
corner = 4
id = 1

[node name="b_4-4-2" parent="buttons" instance=ExtResource( 2 )]
transform = Transform( 0.5, 0, 0.866025, 0, 1, 0, -0.866025, 0, 0.5, 3.91521, 0, -6.78134 )
level = 4
corner = 4
id = 2

[node name="b_4-4-3" parent="buttons" instance=ExtResource( 2 )]
transform = Transform( 0.720577, 0, 0.693375, 0, 1, 0, -0.693375, 0, 0.720577, 5.87282, 0, -5.65112 )
level = 4
corner = 4
id = 3

[node name="b_4-5-0" parent="buttons" instance=ExtResource( 2 )]
transform = Transform( 0.866025, 0, 0.5, 0, 1, 0, -0.5, 0, 0.866025, 7.83042, 0, -4.5209 )
level = 4
corner = 5
id = 0

[node name="b_4-5-1" parent="buttons" instance=ExtResource( 2 )]
transform = Transform( 0.960769, 0, 0.27735, 0, 1, 0, -0.27735, 0, 0.960769, 7.83042, 0, -2.26045 )
level = 4
corner = 5
id = 1

[node name="b_4-5-2" parent="buttons" instance=ExtResource( 2 )]
transform = Transform( 1, 0, 0, 0, 1, 0, 0, 0, 1, 7.83042, 0, 0 )
level = 4
corner = 5
id = 2

[node name="b_4-5-3" parent="buttons" instance=ExtResource( 2 )]
transform = Transform( 0.960769, 0, -0.27735, 0, 1, 0, 0.27735, 0, 0.960769, 7.83042, 0, 2.26045 )
level = 4
corner = 5
id = 3

[node name="b_5-0-0" parent="buttons" instance=ExtResource( 2 )]
transform = Transform( 0.866025, 0, -0.5, 0, 1, 0, 0.5, 0, 0.866025, 9.78803, 0, 5.65112 )
level = 5
corner = 0
id = 0

[node name="b_5-0-1" parent="buttons" instance=ExtResource( 2 )]
transform = Transform( 0.755929, 0, -0.654654, 0, 1, 0, 0.654654, 0, 0.755929, 7.83042, 0, 6.78134 )
level = 5
corner = 0
id = 1

[node name="b_5-0-2" parent="buttons" instance=ExtResource( 2 )]
transform = Transform( 0.59604, 0, -0.802955, 0, 1, 0, 0.802955, 0, 0.59604, 5.87282, 0, 7.91157 )
level = 5
corner = 0
id = 2

[node name="b_5-0-3" parent="buttons" instance=ExtResource( 2 )]
transform = Transform( 0.39736, 0, -0.917663, 0, 1, 0, 0.917663, 0, 0.39736, 3.91521, 0, 9.04179 )
level = 5
corner = 0
id = 3

[node name="b_5-0-4" parent="buttons" instance=ExtResource( 2 )]
transform = Transform( 0.188982, 0, -0.981981, 0, 1, 0, 0.981981, 0, 0.188982, 1.95761, 0, 10.172 )
level = 5
corner = 0
id = 4

[node name="b_5-1-0" parent="buttons" instance=ExtResource( 2 )]
transform = Transform( -4.37114e-08, 0, -1, 0, 1, 0, 1, 0, -4.37114e-08, 6.92063e-16, 0, 11.3022 )
level = 5
corner = 1
id = 0

[node name="b_5-1-1" parent="buttons" instance=ExtResource( 2 )]
transform = Transform( -0.188982, 0, -0.981981, 0, 1, 0, 0.981981, 0, -0.188982, -1.95761, 0, 10.172 )
level = 5
corner = 1
id = 1

[node name="b_5-1-2" parent="buttons" instance=ExtResource( 2 )]
transform = Transform( -0.39736, 0, -0.917663, 0, 1, 0, 0.917663, 0, -0.39736, -3.91521, 0, 9.04179 )
level = 5
corner = 1
id = 2

[node name="b_5-1-3" parent="buttons" instance=ExtResource( 2 )]
transform = Transform( -0.59604, 0, -0.802955, 0, 1, 0, 0.802955, 0, -0.59604, -5.87282, 0, 7.91157 )
level = 5
corner = 1
id = 3

[node name="b_5-1-4" parent="buttons" instance=ExtResource( 2 )]
transform = Transform( -0.755929, 0, -0.654654, 0, 1, 0, 0.654654, 0, -0.755929, -7.83042, 0, 6.78134 )
level = 5
corner = 1
id = 4

[node name="b_5-2-0" parent="buttons" instance=ExtResource( 2 )]
transform = Transform( -0.866025, 0, -0.5, 0, 1, 0, 0.5, 0, -0.866025, -9.78803, 0, 5.65112 )
level = 5
corner = 2
id = 0

[node name="b_5-2-1" parent="buttons" instance=ExtResource( 2 )]
transform = Transform( -0.944911, 0, -0.327327, 0, 1, 0, 0.327327, 0, -0.944911, -9.78803, 0, 3.39067 )
level = 5
corner = 2
id = 1

[node name="b_5-2-2" parent="buttons" instance=ExtResource( 2 )]
transform = Transform( -0.993399, 0, -0.114708, 0, 1, 0, 0.114708, 0, -0.993399, -9.78803, 0, 1.13022 )
level = 5
corner = 2
id = 2

[node name="b_5-2-3" parent="buttons" instance=ExtResource( 2 )]
transform = Transform( -0.993399, 0, 0.114708, 0, 1, 0, -0.114708, 0, -0.993399, -9.78803, 0, -1.13022 )
level = 5
corner = 2
id = 3

[node name="b_5-2-4" parent="buttons" instance=ExtResource( 2 )]
transform = Transform( -0.944911, 0, 0.327327, 0, 1, 0, -0.327327, 0, -0.944911, -9.78803, 0, -3.39067 )
level = 5
corner = 2
id = 4

[node name="b_5-3-0" parent="buttons" instance=ExtResource( 2 )]
transform = Transform( -0.866025, 0, 0.5, 0, 1, 0, -0.5, 0, -0.866025, -9.78803, 0, -5.65112 )
level = 5
corner = 3
id = 0

[node name="b_5-3-1" parent="buttons" instance=ExtResource( 2 )]
transform = Transform( -0.755929, 0, 0.654654, 0, 1, 0, -0.654654, 0, -0.755929, -7.83042, 0, -6.78134 )
level = 5
corner = 3
id = 1

[node name="b_5-3-2" parent="buttons" instance=ExtResource( 2 )]
transform = Transform( -0.59604, 0, 0.802955, 0, 1, 0, -0.802955, 0, -0.59604, -5.87282, 0, -7.91157 )
level = 5
corner = 3
id = 2

[node name="b_5-3-3" parent="buttons" instance=ExtResource( 2 )]
transform = Transform( -0.39736, 0, 0.917663, 0, 1, 0, -0.917663, 0, -0.39736, -3.91521, 0, -9.04179 )
level = 5
corner = 3
id = 3

[node name="b_5-3-4" parent="buttons" instance=ExtResource( 2 )]
transform = Transform( -0.188982, 0, 0.981981, 0, 1, 0, -0.981981, 0, -0.188982, -1.95761, 0, -10.172 )
level = 5
corner = 3
id = 4

[node name="b_5-4-0" parent="buttons" instance=ExtResource( 2 )]
transform = Transform( 7.54979e-08, 0, 1, 0, 1, 0, -1, 0, 7.54979e-08, -1.21146e-14, 0, -11.3022 )
level = 5
corner = 4
id = 0

[node name="b_5-4-1" parent="buttons" instance=ExtResource( 2 )]
transform = Transform( 0.188982, 0, 0.981981, 0, 1, 0, -0.981981, 0, 0.188982, 1.95761, 0, -10.172 )
level = 5
corner = 4
id = 1

[node name="b_5-4-2" parent="buttons" instance=ExtResource( 2 )]
transform = Transform( 0.39736, 0, 0.917663, 0, 1, 0, -0.917663, 0, 0.39736, 3.91521, 0, -9.04179 )
level = 5
corner = 4
id = 2

[node name="b_5-4-3" parent="buttons" instance=ExtResource( 2 )]
transform = Transform( 0.59604, 0, 0.802955, 0, 1, 0, -0.802955, 0, 0.59604, 5.87282, 0, -7.91157 )
level = 5
corner = 4
id = 3

[node name="b_5-4-4" parent="buttons" instance=ExtResource( 2 )]
transform = Transform( 0.755929, 0, 0.654654, 0, 1, 0, -0.654654, 0, 0.755929, 7.83042, 0, -6.78134 )
level = 5
corner = 4
id = 4

[node name="b_5-5-0" parent="buttons" instance=ExtResource( 2 )]
transform = Transform( 0.866025, 0, 0.5, 0, 1, 0, -0.5, 0, 0.866025, 9.78803, 0, -5.65112 )
level = 5
corner = 5
id = 0

[node name="b_5-5-1" parent="buttons" instance=ExtResource( 2 )]
transform = Transform( 0.944911, 0, 0.327327, 0, 1, 0, -0.327327, 0, 0.944911, 9.78803, 0, -3.39067 )
level = 5
corner = 5
id = 1

[node name="b_5-5-2" parent="buttons" instance=ExtResource( 2 )]
transform = Transform( 0.993399, 0, 0.114708, 0, 1, 0, -0.114708, 0, 0.993399, 9.78803, 0, -1.13022 )
level = 5
corner = 5
id = 2

[node name="b_5-5-3" parent="buttons" instance=ExtResource( 2 )]
transform = Transform( 0.993399, 0, -0.114708, 0, 1, 0, 0.114708, 0, 0.993399, 9.78803, 0, 1.13022 )
level = 5
corner = 5
id = 3

[node name="b_5-5-4" parent="buttons" instance=ExtResource( 2 )]
transform = Transform( 0.944911, 0, -0.327327, 0, 1, 0, 0.327327, 0, 0.944911, 9.78803, 0, 3.39067 )
level = 5
corner = 5
id = 4

[node name="b_6-0-0" parent="buttons" instance=ExtResource( 2 )]
transform = Transform( 0.866025, 0, -0.5, 0, 1, 0, 0.5, 0, 0.866025, 11.7456, 0, 6.78134 )
level = 6
corner = 0
id = 0

[node name="b_6-0-1" parent="buttons" instance=ExtResource( 2 )]
transform = Transform( 0.777714, 0, -0.628619, 0, 1, 0, 0.628619, 0, 0.777714, 9.78803, 0, 7.91157 )
level = 6
corner = 0
id = 1

[node name="b_6-0-2" parent="buttons" instance=ExtResource( 2 )]
transform = Transform( 0.654654, 0, -0.755929, 0, 1, 0, 0.755929, 0, 0.654654, 7.83042, 0, 9.04179 )
level = 6
corner = 0
id = 2

[node name="b_6-0-3" parent="buttons" instance=ExtResource( 2 )]
transform = Transform( 0.5, 0, -0.866025, 0, 1, 0, 0.866025, 0, 0.5, 5.87282, 0, 10.172 )
level = 6
corner = 0
id = 3

[node name="b_6-0-4" parent="buttons" instance=ExtResource( 2 )]
transform = Transform( 0.327327, 0, -0.944911, 0, 1, 0, 0.944911, 0, 0.327327, 3.91521, 0, 11.3022 )
level = 6
corner = 0
id = 4

[node name="b_6-0-5" parent="buttons" instance=ExtResource( 2 )]
transform = Transform( 0.155543, 0, -0.987829, 0, 1, 0, 0.987829, 0, 0.155543, 1.95761, 0, 12.4325 )
level = 6
corner = 0
id = 5

[node name="b_6-1-0" parent="buttons" instance=ExtResource( 2 )]
transform = Transform( -4.37114e-08, 0, -1, 0, 1, 0, 1, 0, -4.37114e-08, 8.30475e-16, 0, 13.5627 )
level = 6
corner = 1
id = 0

[node name="b_6-1-1" parent="buttons" instance=ExtResource( 2 )]
transform = Transform( -0.155543, 0, -0.987829, 0, 1, 0, 0.987829, 0, -0.155543, -1.95761, 0, 12.4325 )
level = 6
corner = 1
id = 1

[node name="b_6-1-2" parent="buttons" instance=ExtResource( 2 )]
transform = Transform( -0.327327, 0, -0.944911, 0, 1, 0, 0.944911, 0, -0.327327, -3.91521, 0, 11.3022 )
level = 6
corner = 1
id = 2

[node name="b_6-1-3" parent="buttons" instance=ExtResource( 2 )]
transform = Transform( -0.5, 0, -0.866025, 0, 1, 0, 0.866025, 0, -0.5, -5.87282, 0, 10.172 )
level = 6
corner = 1
id = 3

[node name="b_6-1-4" parent="buttons" instance=ExtResource( 2 )]
transform = Transform( -0.654654, 0, -0.755929, 0, 1, 0, 0.755929, 0, -0.654654, -7.83042, 0, 9.04179 )
level = 6
corner = 1
id = 4

[node name="b_6-1-5" parent="buttons" instance=ExtResource( 2 )]
transform = Transform( -0.777714, 0, -0.628619, 0, 1, 0, 0.628619, 0, -0.777714, -9.78803, 0, 7.91157 )
level = 6
corner = 1
id = 5

[node name="b_6-2-0" parent="buttons" instance=ExtResource( 2 )]
transform = Transform( -0.866025, 0, -0.5, 0, 1, 0, 0.5, 0, -0.866025, -11.7456, 0, 6.78134 )
level = 6
corner = 2
id = 0

[node name="b_6-2-1" parent="buttons" instance=ExtResource( 2 )]
transform = Transform( -0.933257, 0, -0.359211, 0, 1, 0, 0.359211, 0, -0.933257, -11.7456, 0, 4.5209 )
level = 6
corner = 2
id = 1

[node name="b_6-2-2" parent="buttons" instance=ExtResource( 2 )]
transform = Transform( -0.981981, 0, -0.188982, 0, 1, 0, 0.188982, 0, -0.981981, -11.7456, 0, 2.26045 )
level = 6
corner = 2
id = 2

[node name="b_6-2-3" parent="buttons" instance=ExtResource( 2 )]
transform = Transform( -1, 0, -1.50996e-07, 0, 1, 0, 1.50996e-07, 0, -1, -11.7456, 0, 4.76837e-07 )
level = 6
corner = 2
id = 3

[node name="b_6-2-4" parent="buttons" instance=ExtResource( 2 )]
transform = Transform( -0.981981, 0, 0.188982, 0, 1, 0, -0.188982, 0, -0.981981, -11.7456, 0, -2.26045 )
level = 6
corner = 2
id = 4

[node name="b_6-2-5" parent="buttons" instance=ExtResource( 2 )]
transform = Transform( -0.933257, 0, 0.35921, 0, 1, 0, -0.35921, 0, -0.933257, -11.7456, 0, -4.5209 )
level = 6
corner = 2
id = 5

[node name="b_6-3-0" parent="buttons" instance=ExtResource( 2 )]
transform = Transform( -0.866025, 0, 0.5, 0, 1, 0, -0.5, 0, -0.866025, -11.7456, 0, -6.78134 )
level = 6
corner = 3
id = 0

[node name="b_6-3-1" parent="buttons" instance=ExtResource( 2 )]
transform = Transform( -0.777714, 0, 0.628619, 0, 1, 0, -0.628619, 0, -0.777714, -9.78803, 0, -7.91157 )
level = 6
corner = 3
id = 1

[node name="b_6-3-2" parent="buttons" instance=ExtResource( 2 )]
transform = Transform( -0.654654, 0, 0.755929, 0, 1, 0, -0.755929, 0, -0.654654, -7.83042, 0, -9.04179 )
level = 6
corner = 3
id = 2

[node name="b_6-3-3" parent="buttons" instance=ExtResource( 2 )]
transform = Transform( -0.5, 0, 0.866025, 0, 1, 0, -0.866025, 0, -0.5, -5.87282, 0, -10.172 )
level = 6
corner = 3
id = 3

[node name="b_6-3-4" parent="buttons" instance=ExtResource( 2 )]
transform = Transform( -0.327327, 0, 0.944911, 0, 1, 0, -0.944911, 0, -0.327327, -3.91521, 0, -11.3022 )
level = 6
corner = 3
id = 4

[node name="b_6-3-5" parent="buttons" instance=ExtResource( 2 )]
transform = Transform( -0.155543, 0, 0.987829, 0, 1, 0, -0.987829, 0, -0.155543, -1.95761, 0, -12.4325 )
level = 6
corner = 3
id = 5

[node name="b_6-4-0" parent="buttons" instance=ExtResource( 2 )]
transform = Transform( 7.54979e-08, 0, 1, 0, 1, 0, -1, 0, 7.54979e-08, -1.45375e-14, 0, -13.5627 )
level = 6
corner = 4
id = 0

[node name="b_6-4-1" parent="buttons" instance=ExtResource( 2 )]
transform = Transform( 0.155543, 0, 0.987829, 0, 1, 0, -0.987829, 0, 0.155543, 1.95761, 0, -12.4325 )
level = 6
corner = 4
id = 1

[node name="b_6-4-2" parent="buttons" instance=ExtResource( 2 )]
transform = Transform( 0.327327, 0, 0.944911, 0, 1, 0, -0.944911, 0, 0.327327, 3.91521, 0, -11.3022 )
level = 6
corner = 4
id = 2

[node name="b_6-4-3" parent="buttons" instance=ExtResource( 2 )]
transform = Transform( 0.5, 0, 0.866025, 0, 1, 0, -0.866025, 0, 0.5, 5.87282, 0, -10.172 )
level = 6
corner = 4
id = 3

[node name="b_6-4-4" parent="buttons" instance=ExtResource( 2 )]
transform = Transform( 0.654654, 0, 0.755929, 0, 1, 0, -0.755929, 0, 0.654654, 7.83042, 0, -9.04179 )
level = 6
corner = 4
id = 4

[node name="b_6-4-5" parent="buttons" instance=ExtResource( 2 )]
transform = Transform( 0.777714, 0, 0.628619, 0, 1, 0, -0.628619, 0, 0.777714, 9.78803, 0, -7.91157 )
level = 6
corner = 4
id = 5

[node name="b_6-5-0" parent="buttons" instance=ExtResource( 2 )]
transform = Transform( 0.866025, 0, 0.5, 0, 1, 0, -0.5, 0, 0.866025, 11.7456, 0, -6.78134 )
level = 6
corner = 5
id = 0

[node name="b_6-5-1" parent="buttons" instance=ExtResource( 2 )]
transform = Transform( 0.933257, 0, 0.359211, 0, 1, 0, -0.359211, 0, 0.933257, 11.7456, 0, -4.5209 )
level = 6
corner = 5
id = 1

[node name="b_6-5-2" parent="buttons" instance=ExtResource( 2 )]
transform = Transform( 0.981981, 0, 0.188982, 0, 1, 0, -0.188982, 0, 0.981981, 11.7456, 0, -2.26045 )
level = 6
corner = 5
id = 2

[node name="b_6-5-3" parent="buttons" instance=ExtResource( 2 )]
transform = Transform( 1, 0, 4.0597e-08, 0, 1, 0, -4.0597e-08, 0, 1, 11.7456, 0, -4.76837e-07 )
level = 6
corner = 5
id = 3

[node name="b_6-5-4" parent="buttons" instance=ExtResource( 2 )]
transform = Transform( 0.981981, 0, -0.188982, 0, 1, 0, 0.188982, 0, 0.981981, 11.7456, 0, 2.26045 )
level = 6
corner = 5
id = 4

[node name="b_6-5-5" parent="buttons" instance=ExtResource( 2 )]
transform = Transform( 0.933257, 0, -0.359211, 0, 1, 0, 0.359211, 0, 0.933257, 11.7456, 0, 4.5209 )
level = 6
corner = 5
id = 5

[node name="b_7-0-0" parent="buttons" instance=ExtResource( 2 )]
transform = Transform( 0.866025, 0, -0.5, 0, 1, 0, 0.5, 0, 0.866025, 13.7032, 0, 7.91157 )
level = 7
corner = 0
id = 0

[node name="b_7-0-1" parent="buttons" instance=ExtResource( 2 )]
transform = Transform( 0.792406, 0, -0.609994, 0, 1, 0, 0.609994, 0, 0.792406, 11.7456, 0, 9.04179 )
level = 7
corner = 0
id = 1

[node name="b_7-0-2" parent="buttons" instance=ExtResource( 2 )]
transform = Transform( 0.693375, 0, -0.720577, 0, 1, 0, 0.720577, 0, 0.693375, 9.78803, 0, 10.172 )
level = 7
corner = 0
id = 2

[node name="b_7-0-3" parent="buttons" instance=ExtResource( 2 )]
transform = Transform( 0.569495, 0, -0.821995, 0, 1, 0, 0.821995, 0, 0.569495, 7.83042, 0, 11.3022 )
level = 7
corner = 0
id = 3

[node name="b_7-0-4" parent="buttons" instance=ExtResource( 2 )]
transform = Transform( 0.427121, 0, -0.904194, 0, 1, 0, 0.904194, 0, 0.427121, 5.87282, 0, 12.4325 )
level = 7
corner = 0
id = 4

[node name="b_7-0-5" parent="buttons" instance=ExtResource( 2 )]
transform = Transform( 0.27735, 0, -0.960769, 0, 1, 0, 0.960769, 0, 0.27735, 3.91521, 0, 13.5627 )
level = 7
corner = 0
id = 5

[node name="b_7-0-6" parent="buttons" instance=ExtResource( 2 )]
transform = Transform( 0.132068, 0, -0.991241, 0, 1, 0, 0.991241, 0, 0.132068, 1.95761, 0, 14.6929 )
level = 7
corner = 0
id = 6

[node name="b_7-1-0" parent="buttons" instance=ExtResource( 2 )]
transform = Transform( -4.37114e-08, 0, -1, 0, 1, 0, 1, 0, -4.37114e-08, 9.68888e-16, 0, 15.8231 )
level = 7
corner = 1
id = 0

[node name="b_7-1-1" parent="buttons" instance=ExtResource( 2 )]
transform = Transform( -0.132068, 0, -0.991241, 0, 1, 0, 0.991241, 0, -0.132068, -1.95761, 0, 14.6929 )
level = 7
corner = 1
id = 1

[node name="b_7-1-2" parent="buttons" instance=ExtResource( 2 )]
transform = Transform( -0.27735, 0, -0.960769, 0, 1, 0, 0.960769, 0, -0.27735, -3.91521, 0, 13.5627 )
level = 7
corner = 1
id = 2

[node name="b_7-1-3" parent="buttons" instance=ExtResource( 2 )]
transform = Transform( -0.427121, 0, -0.904194, 0, 1, 0, 0.904194, 0, -0.427121, -5.87282, 0, 12.4325 )
level = 7
corner = 1
id = 3

[node name="b_7-1-4" parent="buttons" instance=ExtResource( 2 )]
transform = Transform( -0.569495, 0, -0.821995, 0, 1, 0, 0.821995, 0, -0.569495, -7.83042, 0, 11.3022 )
level = 7
corner = 1
id = 4

[node name="b_7-1-5" parent="buttons" instance=ExtResource( 2 )]
transform = Transform( -0.693375, 0, -0.720577, 0, 1, 0, 0.720577, 0, -0.693375, -9.78803, 0, 10.172 )
level = 7
corner = 1
id = 5

[node name="b_7-1-6" parent="buttons" instance=ExtResource( 2 )]
transform = Transform( -0.792406, 0, -0.609994, 0, 1, 0, 0.609994, 0, -0.792406, -11.7456, 0, 9.04179 )
level = 7
corner = 1
id = 6

[node name="b_7-2-0" parent="buttons" instance=ExtResource( 2 )]
transform = Transform( -0.866025, 0, -0.5, 0, 1, 0, 0.5, 0, -0.866025, -13.7032, 0, 7.91157 )
level = 7
corner = 2
id = 0

[node name="b_7-2-1" parent="buttons" instance=ExtResource( 2 )]
transform = Transform( -0.924473, 0, -0.381246, 0, 1, 0, 0.381246, 0, -0.924473, -13.7032, 0, 5.65112 )
level = 7
corner = 2
id = 1

[node name="b_7-2-2" parent="buttons" instance=ExtResource( 2 )]
transform = Transform( -0.970725, 0, -0.240192, 0, 1, 0, 0.240192, 0, -0.970725, -13.7032, 0, 3.39067 )
level = 7
corner = 2
id = 2

[node name="b_7-2-3" parent="buttons" instance=ExtResource( 2 )]
transform = Transform( -0.996616, 0, -0.0821996, 0, 1, 0, 0.0821996, 0, -0.996616, -13.7032, 0, 1.13022 )
level = 7
corner = 2
id = 3

[node name="b_7-2-4" parent="buttons" instance=ExtResource( 2 )]
transform = Transform( -0.996616, 0, 0.0821994, 0, 1, 0, -0.0821994, 0, -0.996616, -13.7032, 0, -1.13022 )
level = 7
corner = 2
id = 4

[node name="b_7-2-5" parent="buttons" instance=ExtResource( 2 )]
transform = Transform( -0.970725, 0, 0.240192, 0, 1, 0, -0.240192, 0, -0.970725, -13.7032, 0, -3.39067 )
level = 7
corner = 2
id = 5

[node name="b_7-2-6" parent="buttons" instance=ExtResource( 2 )]
transform = Transform( -0.924473, 0, 0.381246, 0, 1, 0, -0.381246, 0, -0.924473, -13.7032, 0, -5.65112 )
level = 7
corner = 2
id = 6

[node name="b_7-3-0" parent="buttons" instance=ExtResource( 2 )]
transform = Transform( -0.866025, 0, 0.5, 0, 1, 0, -0.5, 0, -0.866025, -13.7032, 0, -7.91157 )
level = 7
corner = 3
id = 0

[node name="b_7-3-1" parent="buttons" instance=ExtResource( 2 )]
transform = Transform( -0.792406, 0, 0.609994, 0, 1, 0, -0.609994, 0, -0.792406, -11.7456, 0, -9.04179 )
level = 7
corner = 3
id = 1

[node name="b_7-3-2" parent="buttons" instance=ExtResource( 2 )]
transform = Transform( -0.693375, 0, 0.720577, 0, 1, 0, -0.720577, 0, -0.693375, -9.78803, 0, -10.172 )
level = 7
corner = 3
id = 2

[node name="b_7-3-3" parent="buttons" instance=ExtResource( 2 )]
